pickup      8.5410  (2, 3, 4, 2, 0, 0, 0, 0, 0, 10, 10, 0)
dropoff      6.6300  (3, 2, 1, 1, 1, 1, 1, 5, 5, 0, 2, 5)
dropoff      3.9000  (2, 4, 3, 3, 0, 1, 0, 0, 0, 10, 9, 0)
pickup      3.9000  (2, 1, 4, 2, 0, 0, 0, 0, 1, 10, 9, 0)
pickup      3.9000  (4, 2, 2, 3, 0, 1, 0, 0, 1, 10, 8, 0)
dropoff      3.9000  (5, 4, 1, 5, 1, 1, 0, 0, 1, 10, 7, 0)
dropoff      3.9000  (5, 5, 2, 3, 1, 0, 0, 1, 1, 10, 7, 0)
pickup      3.9000  (3, 5, 1, 5, 0, 0, 0, 1, 1, 10, 7, 1)
pickup      3.9000  (2, 4, 3, 5, 1, 0, 0, 1, 1, 9, 7, 1)
dropoff      3.9000  (1, 5, 3, 3, 1, 1, 0, 1, 1, 8, 7, 1)
dropoff      3.9000  (1, 5, 3, 3, 0, 1, 0, 2, 1, 8, 7, 1)
pickup      3.9000  (3, 5, 2, 4, 0, 0, 0, 2, 2, 8, 7, 1)
dropoff      3.9000  (1, 5, 1, 2, 1, 0, 0, 2, 2, 7, 7, 1)
pickup      3.9000  (3, 5, 1, 1, 0, 0, 0, 3, 2, 7, 7, 1)
dropoff      3.9000  (5, 5, 3, 4, 1, 0, 0, 3, 2, 6, 7, 1)
pickup      3.9000  (4, 5, 3, 5, 0, 0, 0, 3, 2, 6, 7, 2)
dropoff      3.9000  (4, 4, 5, 5, 0, 1, 0, 3, 2, 5, 7, 2)
pickup      3.9000  (3, 5, 4, 4, 0, 0, 0, 3, 2, 5, 7, 3)
dropoff      3.9000  (5, 5, 3, 4, 1, 0, 0, 3, 2, 4, 7, 3)
pickup      3.9000  (3, 4, 3, 5, 0, 0, 0, 3, 2, 4, 7, 4)
pickup      3.9000  (4, 2, 4, 5, 0, 1, 0, 3, 2, 3, 7, 4)
dropoff      3.9000  (4, 1, 5, 5, 1, 1, 0, 3, 2, 3, 6, 4)
pickup      3.9000  (2, 2, 3, 5, 1, 0, 0, 3, 2, 3, 6, 5)
dropoff      3.9000  (3, 2, 1, 5, 1, 1, 0, 3, 2, 2, 6, 5)
pickup      3.9000  (4, 2, 3, 5, 1, 0, 0, 4, 2, 2, 6, 5)
