pickup      6.6300  (3, 5, 4, 2, 1, 0, 1, 0, 2, 9, 7, 0)
pickup      6.6300  (1, 2, 3, 5, 0, 0, 0, 0, 0, 10, 10, 0)
dropoff      6.6300  (3, 3, 1, 1, 0, 1, 4, 5, 5, 0, 0, 5)
pickup      6.5850  (1, 2, 4, 2, 0, 0, 0, 0, 0, 10, 10, 0)
pickup      3.9000  (4, 2, 5, 3, 0, 0, 0, 0, 0, 10, 10, 0)
pickup      3.9000  (5, 1, 4, 2, 1, 0, 0, 0, 0, 10, 9, 0)
dropoff      3.9000  (4, 3, 3, 3, 1, 1, 0, 0, 0, 10, 8, 0)
pickup      3.9000  (2, 2, 4, 2, 1, 0, 0, 0, 1, 10, 8, 0)
dropoff      3.9000  (1, 1, 5, 1, 1, 1, 0, 0, 1, 10, 7, 0)
dropoff      3.9000  (1, 5, 3, 3, 0, 1, 1, 0, 1, 10, 7, 0)
pickup      3.9000  (3, 5, 4, 2, 0, 0, 1, 0, 2, 10, 7, 0)
dropoff      3.9000  (4, 3, 3, 3, 1, 1, 1, 0, 2, 9, 6, 0)
dropoff      3.9000  (1, 5, 3, 2, 1, 0, 1, 0, 3, 9, 6, 0)
pickup      3.9000  (3, 5, 1, 3, 0, 0, 1, 1, 3, 9, 6, 0)
dropoff      3.9000  (3, 3, 2, 5, 1, 0, 1, 1, 3, 8, 6, 0)
pickup      3.9000  (4, 3, 3, 5, 0, 0, 1, 1, 4, 8, 6, 0)
pickup      3.9000  (3, 5, 2, 5, 0, 1, 1, 1, 4, 7, 6, 0)
dropoff      3.9000  (2, 5, 1, 5, 1, 1, 1, 1, 4, 6, 6, 0)
dropoff      3.9000  (3, 3, 2, 3, 1, 0, 1, 2, 4, 6, 6, 0)
pickup      3.9000  (1, 4, 3, 5, 0, 0, 1, 2, 5, 6, 6, 0)
pickup      3.9000  (4, 2, 4, 3, 0, 1, 1, 2, 5, 5, 6, 0)
dropoff      3.9000  (4, 1, 1, 5, 1, 1, 1, 2, 5, 5, 5, 0)
dropoff      3.9000  (1, 1, 1, 2, 1, 0, 1, 3, 5, 5, 5, 0)
pickup      3.9000  (4, 2, 5, 1, 0, 0, 2, 3, 5, 5, 5, 0)
pickup      3.9000  (3, 3, 4, 2, 1, 0, 2, 3, 5, 5, 4, 0)
