pickup      3.9000  (4, 5, 4, 3, 0, 0, 0, 0, 0, 10, 10, 0)
dropoff      3.9000  (5, 5, 4, 1, 1, 0, 0, 0, 0, 10, 9, 0)
pickup      3.9000  (4, 5, 3, 2, 0, 0, 0, 0, 0, 10, 9, 1)
dropoff      3.9000  (3, 3, 3, 4, 1, 0, 0, 0, 0, 10, 8, 1)
pickup      3.9000  (3, 3, 1, 2, 0, 0, 0, 0, 1, 10, 8, 1)
dropoff      3.9000  (3, 5, 1, 1, 0, 1, 0, 0, 1, 9, 8, 1)
pickup      3.9000  (1, 5, 1, 2, 0, 0, 1, 0, 1, 9, 8, 1)
dropoff      3.9000  (1, 3, 1, 1, 0, 1, 1, 0, 1, 8, 8, 1)
pickup      3.9000  (1, 2, 2, 1, 0, 0, 2, 0, 1, 8, 8, 1)
dropoff      3.9000  (1, 1, 2, 3, 1, 0, 2, 0, 1, 7, 8, 1)
pickup      3.9000  (1, 2, 2, 3, 0, 0, 3, 0, 1, 7, 8, 1)
pickup      3.9000  (1, 4, 4, 5, 1, 0, 3, 0, 1, 6, 8, 1)
dropoff      3.9000  (1, 5, 2, 4, 1, 1, 3, 0, 1, 6, 7, 1)
dropoff      3.9000  (2, 4, 5, 5, 0, 1, 3, 1, 1, 6, 7, 1)
pickup      3.9000  (3, 5, 4, 5, 0, 0, 3, 1, 1, 6, 7, 2)
dropoff      3.9000  (1, 1, 3, 3, 0, 1, 3, 1, 1, 6, 6, 2)
pickup      3.9000  (1, 2, 3, 4, 0, 0, 3, 1, 2, 6, 6, 2)
dropoff      3.9000  (1, 1, 4, 3, 1, 0, 3, 1, 2, 5, 6, 2)
pickup      3.9000  (1, 2, 4, 3, 0, 0, 4, 1, 2, 5, 6, 2)
dropoff      3.9000  (3, 3, 3, 4, 1, 0, 4, 1, 2, 4, 6, 2)
pickup      3.9000  (2, 4, 4, 5, 0, 0, 4, 1, 3, 4, 6, 2)
pickup      3.9000  (4, 5, 5, 3, 0, 1, 4, 1, 3, 4, 5, 2)
dropoff      3.9000  (5, 5, 5, 3, 1, 1, 4, 1, 3, 4, 4, 2)
dropoff      3.9000  (3, 1, 3, 3, 0, 1, 4, 1, 3, 4, 4, 3)
pickup      3.9000  (4, 5, 2, 3, 0, 0, 4, 1, 4, 4, 4, 3)
