pickup      3.9000  (1, 4, 3, 5, 0, 0, 0, 0, 0, 10, 10, 0)
dropoff      3.9000  (1, 5, 3, 3, 0, 1, 0, 0, 0, 9, 10, 0)
pickup      3.9000  (1, 4, 4, 2, 0, 0, 0, 0, 1, 9, 10, 0)
pickup      3.9000  (3, 5, 4, 3, 0, 1, 0, 0, 1, 9, 9, 0)
dropoff      3.9000  (5, 5, 4, 2, 1, 1, 0, 0, 1, 8, 9, 0)
pickup      3.9000  (3, 5, 4, 3, 0, 1, 0, 0, 1, 8, 9, 1)
dropoff      3.9000  (3, 3, 4, 4, 1, 1, 0, 0, 1, 7, 9, 1)
dropoff      3.9000  (2, 2, 5, 5, 0, 1, 0, 0, 2, 7, 9, 1)
pickup      3.9000  (1, 2, 4, 2, 0, 0, 0, 0, 2, 7, 9, 2)
pickup      3.9000  (3, 5, 3, 2, 0, 1, 0, 0, 2, 7, 8, 2)
dropoff      3.9000  (4, 5, 3, 3, 1, 1, 0, 0, 2, 6, 8, 2)
dropoff      3.9000  (1, 5, 1, 2, 1, 0, 0, 0, 3, 6, 8, 2)
pickup      3.9000  (3, 5, 4, 2, 0, 0, 0, 1, 3, 6, 8, 2)
pickup      3.9000  (3, 5, 4, 2, 1, 0, 0, 1, 3, 5, 8, 2)
dropoff      3.9000  (1, 1, 2, 4, 1, 1, 0, 1, 3, 5, 7, 2)
dropoff      3.9000  (1, 3, 3, 3, 0, 1, 1, 1, 3, 5, 7, 2)
pickup      3.9000  (4, 2, 5, 3, 0, 0, 1, 1, 4, 5, 7, 2)
dropoff      3.9000  (3, 3, 5, 4, 1, 0, 1, 1, 4, 5, 6, 2)
pickup      3.9000  (2, 1, 3, 5, 0, 0, 1, 1, 5, 5, 6, 2)
pickup      3.9000  (4, 2, 5, 2, 0, 1, 1, 1, 5, 4, 6, 2)
dropoff      3.9000  (4, 3, 5, 5, 1, 1, 1, 1, 5, 4, 5, 2)
pickup      3.9000  (3, 3, 3, 5, 1, 0, 1, 1, 5, 4, 5, 3)
dropoff      3.9000  (5, 5, 3, 5, 1, 1, 1, 1, 5, 3, 5, 3)
dropoff      3.9000  (3, 3, 1, 5, 0, 1, 1, 1, 5, 3, 5, 4)
pickup      3.9000  (2, 3, 3, 5, 0, 0, 1, 2, 5, 3, 5, 4)
