dropoff      6.6300  (3, 3, 1, 5, 0, 1, 5, 4, 5, 0, 0, 5)
pickup      3.9000  (3, 5, 4, 5, 0, 0, 0, 0, 0, 10, 10, 0)
pickup      3.9000  (4, 5, 3, 3, 0, 1, 0, 0, 0, 10, 9, 0)
dropoff      3.9000  (4, 5, 3, 3, 1, 1, 0, 0, 0, 10, 8, 0)
pickup      3.9000  (3, 4, 1, 2, 1, 0, 0, 0, 1, 10, 8, 0)
dropoff      3.9000  (3, 3, 2, 2, 1, 1, 0, 0, 1, 9, 8, 0)
pickup      3.9000  (4, 5, 1, 3, 0, 1, 0, 0, 2, 9, 8, 0)
dropoff      3.9000  (3, 4, 1, 1, 1, 1, 0, 0, 2, 9, 7, 0)
pickup      3.9000  (3, 4, 1, 2, 1, 0, 1, 0, 2, 9, 7, 0)
dropoff      3.9000  (3, 3, 1, 1, 1, 1, 1, 0, 2, 8, 7, 0)
dropoff      3.9000  (3, 3, 1, 1, 0, 1, 1, 0, 3, 8, 7, 0)
pickup      3.9000  (3, 3, 1, 2, 0, 0, 2, 0, 3, 8, 7, 0)
dropoff      3.9000  (2, 4, 3, 3, 0, 1, 2, 0, 3, 7, 7, 0)
pickup      3.9000  (2, 2, 4, 5, 0, 0, 2, 0, 4, 7, 7, 0)
dropoff      3.9000  (5, 1, 5, 5, 0, 1, 2, 0, 4, 7, 6, 0)
pickup      3.9000  (5, 1, 4, 5, 0, 0, 2, 0, 4, 7, 6, 1)
dropoff      3.9000  (4, 2, 3, 3, 0, 1, 2, 0, 4, 7, 5, 1)
pickup      3.9000  (1, 3, 4, 5, 0, 0, 2, 0, 5, 7, 5, 1)
pickup      3.9000  (1, 2, 4, 4, 0, 1, 2, 0, 5, 7, 4, 1)
dropoff      3.9000  (1, 1, 3, 3, 1, 1, 2, 0, 5, 6, 4, 1)
pickup      3.9000  (4, 5, 2, 2, 0, 1, 3, 0, 5, 6, 4, 1)
dropoff      3.9000  (5, 5, 1, 3, 1, 1, 3, 0, 5, 6, 3, 1)
pickup      3.9000  (4, 5, 1, 3, 0, 1, 3, 0, 5, 6, 3, 2)
dropoff      3.9000  (5, 5, 1, 3, 1, 1, 3, 0, 5, 6, 2, 2)
pickup      3.9000  (4, 5, 1, 5, 0, 1, 3, 0, 5, 6, 2, 3)
