dropoff      3.6075  (1, 2, 1, 1, 1, 1, 3, 5, 5, 0, 0, 5)
pickup      1.9500  (1, 4, 3, 5, 0, 0, 0, 0, 0, 10, 10, 0)
dropoff      1.9500  (1, 3, 5, 5, 0, 1, 0, 0, 0, 9, 10, 0)
pickup      1.9500  (2, 1, 3, 5, 0, 0, 0, 0, 0, 9, 10, 1)
pickup      1.9500  (4, 2, 4, 5, 0, 1, 0, 0, 0, 8, 10, 1)
dropoff      1.9500  (5, 2, 5, 5, 1, 1, 0, 0, 0, 8, 9, 1)
dropoff      1.9500  (3, 3, 3, 4, 1, 0, 0, 0, 0, 8, 9, 2)
pickup      1.9500  (3, 2, 3, 5, 0, 0, 0, 0, 1, 8, 9, 2)
dropoff      1.9500  (4, 4, 5, 5, 0, 1, 0, 0, 1, 7, 9, 2)
pickup      1.9500  (4, 2, 4, 4, 0, 0, 0, 0, 1, 7, 9, 3)
pickup      1.9500  (4, 2, 3, 5, 1, 0, 0, 0, 1, 7, 8, 3)
dropoff      1.9500  (5, 2, 1, 5, 1, 1, 0, 0, 1, 6, 8, 3)
pickup      1.9500  (5, 3, 3, 5, 1, 0, 0, 1, 1, 6, 8, 3)
dropoff      1.9500  (3, 3, 4, 4, 1, 1, 0, 1, 1, 5, 8, 3)
dropoff      1.9500  (3, 5, 5, 5, 0, 1, 0, 1, 2, 5, 8, 3)
pickup      1.9500  (3, 5, 5, 5, 0, 0, 0, 1, 2, 5, 8, 4)
dropoff      1.9500  (3, 3, 5, 4, 1, 0, 0, 1, 2, 4, 8, 4)
pickup      1.9500  (4, 3, 4, 2, 0, 0, 0, 1, 3, 4, 8, 4)
pickup      1.9500  (4, 2, 5, 2, 0, 1, 0, 1, 3, 4, 7, 4)
dropoff      1.9500  (3, 3, 3, 1, 1, 1, 0, 1, 3, 4, 6, 4)
pickup      1.9500  (4, 2, 4, 1, 0, 1, 0, 1, 4, 4, 6, 4)
dropoff      1.9500  (3, 3, 3, 1, 1, 1, 0, 1, 4, 4, 5, 4)
dropoff      1.9500  (2, 2, 1, 1, 0, 1, 0, 1, 5, 4, 5, 4)
pickup      1.9500  (5, 4, 3, 5, 0, 0, 1, 1, 5, 4, 5, 4)
dropoff      1.9500  (3, 3, 1, 5, 0, 1, 1, 1, 5, 3, 5, 4)
