dropoff      3.6075  (5, 2, 1, 1, 1, 1, 0, 0, 0, 10, 8, 0)
pickup      3.6075  (2, 1, 4, 2, 0, 0, 0, 0, 0, 10, 10, 0)
pickup      3.6075  (5, 3, 4, 2, 1, 0, 3, 5, 5, 0, 1, 5)
pickup      1.9500  (5, 4, 4, 2, 0, 0, 0, 0, 0, 10, 10, 0)
dropoff      1.9500  (4, 2, 3, 3, 0, 1, 0, 0, 0, 10, 9, 0)
pickup      1.9500  (4, 2, 3, 3, 0, 0, 0, 0, 1, 10, 9, 0)
dropoff      1.9500  (3, 3, 2, 3, 1, 0, 0, 0, 1, 10, 8, 0)
pickup      1.9500  (1, 2, 3, 5, 0, 0, 0, 0, 2, 10, 8, 0)
dropoff      1.9500  (2, 2, 5, 5, 0, 1, 0, 0, 2, 9, 8, 0)
pickup      1.9500  (1, 2, 3, 5, 0, 0, 0, 0, 2, 9, 8, 1)
dropoff      1.9500  (1, 1, 3, 3, 0, 1, 0, 0, 2, 8, 8, 1)
pickup      1.9500  (1, 2, 4, 2, 0, 0, 0, 0, 3, 8, 8, 1)
dropoff      1.9500  (2, 2, 5, 5, 0, 1, 0, 0, 3, 8, 7, 1)
pickup      1.9500  (4, 2, 4, 4, 0, 0, 0, 0, 3, 8, 7, 2)
pickup      1.9500  (3, 1, 3, 5, 1, 0, 0, 0, 3, 8, 6, 2)
dropoff      1.9500  (1, 1, 2, 4, 1, 1, 0, 0, 3, 7, 6, 2)
dropoff      1.9500  (2, 2, 1, 1, 0, 1, 1, 0, 3, 7, 6, 2)
pickup      1.9500  (4, 2, 1, 1, 0, 0, 2, 0, 3, 7, 6, 2)
pickup      1.9500  (5, 5, 4, 2, 1, 0, 2, 0, 3, 7, 5, 2)
dropoff      1.9500  (5, 5, 4, 2, 1, 1, 2, 0, 3, 7, 4, 2)
dropoff      1.9500  (5, 5, 3, 3, 0, 1, 2, 0, 3, 7, 4, 3)
pickup      1.9500  (5, 4, 4, 2, 0, 0, 2, 0, 4, 7, 4, 3)
dropoff      1.9500  (5, 3, 3, 3, 0, 1, 2, 0, 4, 7, 3, 3)
pickup      1.9500  (4, 2, 3, 3, 0, 0, 2, 0, 5, 7, 3, 3)
pickup      1.9500  (3, 5, 4, 2, 1, 0, 2, 0, 5, 7, 2, 3)
