pickup      3.7391  (3, 3, 4, 2, 1, 0, 0, 0, 0, 10, 9, 0)
pickup      3.6075  (2, 2, 4, 2, 1, 0, 1, 5, 5, 0, 3, 5)
pickup      3.6075  (2, 2, 4, 2, 1, 0, 3, 5, 5, 0, 1, 5)
pickup      3.6075  (3, 2, 4, 2, 0, 0, 0, 0, 0, 10, 10, 0)
pickup      3.6075  (1, 2, 4, 2, 0, 0, 0, 0, 0, 10, 10, 0)
dropoff      3.6075  (3, 3, 4, 2, 1, 1, 0, 0, 0, 10, 8, 0)
pickup      1.9500  (4, 2, 3, 3, 0, 0, 0, 0, 0, 10, 10, 0)
dropoff      1.9500  (3, 3, 1, 2, 1, 0, 0, 0, 0, 10, 9, 0)
pickup      1.9500  (4, 2, 3, 1, 0, 0, 0, 0, 1, 10, 9, 0)
pickup      1.9500  (4, 4, 4, 2, 1, 0, 0, 0, 1, 10, 8, 0)
dropoff      1.9500  (3, 3, 5, 3, 1, 1, 0, 0, 1, 10, 7, 0)
dropoff      1.9500  (3, 5, 3, 3, 0, 1, 0, 0, 2, 10, 7, 0)
pickup      1.9500  (3, 5, 3, 3, 0, 0, 0, 0, 3, 10, 7, 0)
dropoff      1.9500  (3, 3, 4, 3, 1, 0, 0, 0, 3, 9, 7, 0)
pickup      1.9500  (3, 5, 5, 5, 0, 0, 0, 0, 4, 9, 7, 0)
pickup      1.9500  (1, 5, 3, 5, 1, 0, 0, 0, 4, 8, 7, 0)
dropoff      1.9500  (1, 5, 3, 5, 1, 1, 0, 0, 4, 7, 7, 0)
dropoff      1.9500  (1, 3, 1, 5, 0, 1, 0, 1, 4, 7, 7, 0)
pickup      1.9500  (3, 5, 2, 4, 0, 0, 0, 2, 4, 7, 7, 0)
dropoff      1.9500  (1, 5, 2, 3, 1, 0, 0, 2, 4, 6, 7, 0)
pickup      1.9500  (3, 5, 3, 1, 0, 0, 0, 3, 4, 6, 7, 0)
dropoff      1.9500  (5, 5, 1, 4, 1, 0, 0, 3, 4, 5, 7, 0)
pickup      1.9500  (5, 4, 3, 5, 0, 0, 0, 3, 4, 5, 7, 1)
dropoff      1.9500  (4, 4, 3, 3, 0, 1, 0, 3, 4, 4, 7, 1)
pickup      1.9500  (4, 3, 4, 2, 0, 0, 0, 3, 5, 4, 7, 1)
