pickup      6.6300  (1, 4, 4, 2, 0, 0, 0, 0, 0, 10, 10, 0)
dropoff      6.6300  (2, 4, 3, 3, 0, 1, 0, 0, 0, 10, 9, 0)
pickup      6.6300  (2, 3, 4, 2, 0, 0, 0, 0, 0, 10, 10, 0)
pickup      6.6300  (4, 2, 5, 2, 0, 1, 3, 3, 5, 0, 3, 5)
pickup      3.9000  (3, 5, 5, 3, 0, 0, 0, 0, 0, 10, 10, 0)
dropoff      3.9000  (5, 5, 4, 1, 1, 0, 0, 0, 0, 9, 10, 0)
pickup      3.9000  (5, 4, 4, 2, 0, 0, 0, 0, 0, 9, 10, 1)
dropoff      3.9000  (5, 1, 3, 3, 0, 1, 0, 0, 0, 9, 9, 1)
pickup      3.9000  (4, 2, 2, 4, 0, 0, 0, 0, 1, 9, 9, 1)
pickup      3.9000  (4, 2, 3, 5, 1, 0, 0, 0, 1, 9, 8, 1)
dropoff      3.9000  (3, 3, 2, 4, 1, 1, 0, 0, 1, 8, 8, 1)
dropoff      3.9000  (3, 3, 1, 5, 0, 1, 0, 0, 2, 8, 8, 1)
pickup      3.9000  (4, 2, 3, 5, 0, 0, 0, 1, 2, 8, 8, 1)
pickup      3.9000  (4, 2, 3, 5, 1, 0, 0, 1, 2, 8, 7, 1)
dropoff      3.9000  (4, 3, 3, 3, 1, 1, 0, 1, 2, 7, 7, 1)
pickup      3.9000  (5, 1, 4, 2, 1, 0, 0, 1, 3, 7, 7, 1)
dropoff      3.9000  (4, 3, 3, 3, 1, 1, 0, 1, 3, 7, 6, 1)
pickup      3.9000  (4, 4, 4, 2, 1, 0, 0, 1, 4, 7, 6, 1)
dropoff      3.9000  (4, 1, 1, 1, 1, 1, 0, 1, 4, 7, 5, 1)
pickup      3.9000  (5, 3, 3, 5, 1, 0, 1, 1, 4, 7, 5, 1)
dropoff      3.9000  (5, 4, 5, 5, 1, 1, 1, 1, 4, 6, 5, 1)
pickup      3.9000  (5, 3, 3, 5, 1, 0, 1, 1, 4, 6, 5, 2)
dropoff      3.9000  (4, 1, 1, 5, 1, 1, 1, 1, 4, 5, 5, 2)
pickup      3.9000  (4, 2, 3, 5, 1, 0, 1, 2, 4, 5, 5, 2)
dropoff      3.9000  (3, 4, 3, 3, 1, 1, 1, 2, 4, 4, 5, 2)
