dropoff      3.6075  (1, 1, 2, 1, 1, 0, 4, 5, 5, 0, 0, 5)
pickup      3.6075  (1, 2, 4, 2, 0, 0, 0, 0, 0, 10, 10, 0)
dropoff      3.6075  (2, 2, 3, 3, 0, 1, 0, 0, 0, 10, 9, 0)
pickup      1.9500  (1, 4, 4, 2, 0, 0, 0, 0, 0, 10, 10, 0)
pickup      1.9500  (3, 5, 4, 1, 0, 1, 0, 0, 0, 10, 9, 0)
dropoff      1.9500  (2, 5, 3, 3, 1, 1, 0, 0, 0, 9, 9, 0)
pickup      1.9500  (2, 4, 4, 2, 1, 0, 0, 0, 1, 9, 9, 0)
dropoff      1.9500  (1, 4, 3, 3, 1, 1, 0, 0, 1, 9, 8, 0)
dropoff      1.9500  (1, 5, 3, 4, 1, 0, 0, 0, 2, 9, 8, 0)
pickup      1.9500  (3, 5, 3, 3, 0, 0, 0, 1, 2, 9, 8, 0)
pickup      1.9500  (3, 3, 4, 2, 1, 0, 0, 1, 2, 8, 8, 0)
dropoff      1.9500  (3, 3, 4, 2, 1, 1, 0, 1, 2, 8, 7, 0)
pickup      1.9500  (4, 2, 4, 1, 0, 1, 0, 1, 3, 8, 7, 0)
dropoff      1.9500  (5, 2, 1, 1, 1, 1, 0, 1, 3, 8, 6, 0)
dropoff      1.9500  (5, 5, 3, 2, 1, 0, 1, 1, 3, 8, 6, 0)
pickup      1.9500  (4, 5, 4, 2, 0, 0, 1, 1, 3, 8, 6, 1)
pickup      1.9500  (4, 2, 1, 2, 0, 1, 1, 1, 3, 8, 5, 1)
dropoff      1.9500  (4, 1, 3, 3, 1, 1, 1, 1, 3, 8, 4, 1)
dropoff      1.9500  (5, 5, 1, 2, 1, 0, 1, 1, 4, 8, 4, 1)
pickup      1.9500  (3, 5, 1, 3, 0, 0, 1, 1, 4, 8, 4, 2)
dropoff      1.9500  (1, 5, 1, 2, 1, 0, 1, 1, 4, 7, 4, 2)
pickup      1.9500  (3, 5, 3, 3, 0, 0, 1, 2, 4, 7, 4, 2)
dropoff      1.9500  (5, 5, 4, 5, 1, 0, 1, 2, 4, 6, 4, 2)
pickup      1.9500  (4, 2, 4, 4, 0, 0, 1, 2, 4, 6, 4, 3)
pickup      1.9500  (3, 1, 4, 2, 1, 0, 1, 2, 4, 6, 3, 3)
