pickup      8.5410  (2, 3, 4, 2, 0, 0, 0, 0, 0, 10, 10, 0)
pickup      6.6300  (2, 3, 3, 5, 0, 0, 0, 0, 0, 10, 10, 0)
pickup      3.9000  (3, 2, 3, 5, 0, 0, 0, 0, 0, 10, 10, 0)
pickup      3.9000  (4, 2, 3, 4, 0, 1, 0, 0, 0, 9, 10, 0)
dropoff      3.9000  (3, 3, 2, 4, 1, 1, 0, 0, 0, 9, 9, 0)
dropoff      3.9000  (3, 1, 5, 5, 0, 1, 0, 0, 1, 9, 9, 0)
pickup      3.9000  (4, 1, 3, 5, 0, 0, 0, 0, 1, 9, 9, 1)
dropoff      3.9000  (2, 2, 1, 5, 0, 1, 0, 0, 1, 8, 9, 1)
pickup      3.9000  (4, 2, 2, 4, 0, 0, 0, 1, 1, 8, 9, 1)
pickup      3.9000  (3, 1, 4, 2, 1, 0, 0, 1, 1, 8, 8, 1)
dropoff      3.9000  (3, 2, 3, 3, 1, 1, 0, 1, 1, 8, 7, 1)
dropoff      3.9000  (3, 3, 3, 2, 1, 0, 0, 1, 2, 8, 7, 1)
pickup      3.9000  (5, 2, 4, 2, 0, 0, 0, 1, 3, 8, 7, 1)
pickup      3.9000  (4, 2, 4, 1, 0, 1, 0, 1, 3, 8, 6, 1)
dropoff      3.9000  (2, 5, 1, 5, 1, 1, 0, 1, 3, 8, 5, 1)
dropoff      3.9000  (3, 3, 1, 4, 1, 0, 0, 2, 3, 8, 5, 1)
pickup      3.9000  (1, 4, 3, 5, 0, 0, 0, 2, 4, 8, 5, 1)
dropoff      3.9000  (2, 2, 3, 3, 0, 1, 0, 2, 4, 7, 5, 1)
pickup      3.9000  (4, 3, 3, 5, 0, 0, 0, 2, 5, 7, 5, 1)
dropoff      3.9000  (4, 2, 1, 1, 0, 1, 0, 2, 5, 6, 5, 1)
pickup      3.9000  (4, 2, 1, 1, 0, 0, 1, 2, 5, 6, 5, 1)
pickup      3.9000  (4, 4, 4, 2, 1, 0, 1, 2, 5, 6, 4, 1)
dropoff      3.9000  (1, 5, 3, 3, 1, 1, 1, 2, 5, 6, 3, 1)
pickup      3.9000  (3, 5, 3, 2, 0, 1, 1, 3, 5, 6, 3, 1)
dropoff      3.9000  (1, 5, 4, 2, 1, 1, 1, 3, 5, 5, 3, 1)
